0 0.43149038461538464 0.5180288461538461 0.7295673076923077 0.7716346153846154
0 0.040865384615384616 0.03245192307692308 0.08173076923076923 0.06490384615384616
0 0.07692307692307693 0.2536057692307692 0.15384615384615385 0.10216346153846154
0 0.15745192307692307 0.037259615384615384 0.12139423076923077 0.0625
0 0.21754807692307693 0.2439903846153846 0.10096153846153846 0.09014423076923077
0 0.27163461538461536 0.04567307692307692 0.11298076923076923 0.06370192307692307
0 0.38221153846153844 0.046875 0.109375 0.06370192307692307
0 0.4495192307692308 0.171875 0.055288461538461536 0.020432692307692308
0 0.4987980769230769 0.051682692307692304 0.11057692307692307 0.06850961538461539
0 0.5817307692307693 0.1971153846153846 0.1310096153846154 0.09014423076923077
0 0.6274038461538461 0.04567307692307692 0.13822115384615385 0.078125
0 0.7139423076923077 0.18870192307692307 0.14182692307692307 0.0985576923076923
0 0.7463942307692307 0.052884615384615384 0.11298076923076923 0.06850961538461539
0 0.8509615384615384 0.17427884615384615 0.13701923076923078 0.0985576923076923
0 0.8521634615384616 0.052884615384615384 0.10576923076923077 0.06129807692307692
0 0.953125 0.06129807692307692 0.09134615384615384 0.0673076923076923
0 0.9579326923076923 0.15745192307692307 0.0829326923076923 0.07091346153846154