0 0.7860576923076923 0.8209134615384616 0.4110576923076923 0.3581730769230769
0 0.06129807692307692 0.171875 0.12259615384615384 0.2091346153846154
0 0.07932692307692307 0.4266826923076923 0.15865384615384615 0.3004807692307692
0 0.3137019230769231 0.8245192307692307 0.4254807692307692 0.3485576923076923
0 0.29927884615384615 0.21153846153846154 0.24158653846153846 0.20192307692307693
0 0.46153846153846156 0.45072115384615385 0.33774038461538464 0.35216346153846156
0 0.5300480769230769 0.051682692307692304 0.2247596153846154 0.10336538461538461
0 0.6009615384615384 0.17908653846153846 0.29447115384615385 0.23918269230769232
0 0.8233173076923077 0.2980769230769231 0.35096153846153844 0.26802884615384615
0 0.9495192307692307 0.8185096153846154 0.09735576923076923 0.36177884615384615
0 0.9783653846153846 0.3713942307692308 0.042067307692307696 0.27884615384615385