0 0.23317307692307693 0.9146634615384616 0.109375 0.10576923076923077
0 0.484375 0.7704326923076923 0.6442307692307693 0.3233173076923077
0 0.4254807692307692 0.8137019230769231 0.35096153846153844 0.1971153846153846
0 0.4050480769230769 0.8942307692307693 0.10216346153846154 0.09134615384615384
0 0.7908653846153846 0.8245192307692307 0.3485576923076923 0.3485576923076923
0 0.71875 0.6802884615384616 0.13581730769230768 0.0985576923076923
0 0.7079326923076923 0.7319711538461539 0.056490384615384616 0.056490384615384616
0 0.7704326923076923 0.59375 0.020432692307692308 0.016826923076923076
0 0.7944711538461539 0.6105769230769231 0.018028846153846152 0.015625
0 0.796875 0.5985576923076923 0.015625 0.018028846153846152
0 0.8245192307692307 0.6117788461538461 0.021634615384615384 0.009615384615384616
0 0.9194711538461539 0.6177884615384616 0.15865384615384615 0.05048076923076923