0 0.7295673076923077 0.8425480769230769 0.4170673076923077 0.2668269230769231
0 0.06370192307692307 0.59375 0.11298076923076923 0.125
0 0.14543269230769232 0.5997596153846154 0.09134615384615384 0.11538461538461539
0 0.30408653846153844 0.8112980769230769 0.3870192307692308 0.28125
0 0.21754807692307693 0.6141826923076923 0.10096153846153846 0.109375
0 0.3088942307692308 0.625 0.09615384615384616 0.11177884615384616
0 0.4014423076923077 0.6370192307692307 0.1045673076923077 0.1346153846153846
0 0.41947115384615385 0.5564903846153846 0.039663461538461536 0.04807692307692308
0 0.4519230769230769 0.5793269230769231 0.0673076923076923 0.08774038461538461
0 0.5024038461538461 0.6574519230769231 0.10817307692307693 0.13942307692307693
0 0.5180288461538461 0.5805288461538461 0.06129807692307692 0.07692307692307693
0 0.5661057692307693 0.5456730769230769 0.07932692307692307 0.04807692307692308
0 0.5721153846153846 0.578125 0.06370192307692307 0.06370192307692307
0 0.6057692307692307 0.6466346153846154 0.1045673076923077 0.1310096153846154
0 0.6899038461538461 0.6334134615384616 0.10096153846153846 0.12139423076923077
0 0.7596153846153846 0.6237980769230769 0.09495192307692307 0.10576923076923077
0 0.8076923076923077 0.5600961538461539 0.0829326923076923 0.052884615384615384
0 0.8197115384615384 0.6225961538461539 0.09615384615384616 0.09615384615384616
0 0.8786057692307693 0.6165865384615384 0.1045673076923077 0.109375