0 0.5048076923076923 0.8966346153846154 0.18509615384615385 0.171875
0 0.23317307692307693 0.8569711538461539 0.054086538461538464 0.06370192307692307
0 0.22596153846153846 0.8076923076923077 0.02403846153846154 0.021634615384615384
0 0.2764423076923077 0.8341346153846154 0.030048076923076924 0.03365384615384615
0 0.2860576923076923 0.8028846153846154 0.015625 0.02403846153846154
0 0.30288461538461536 0.8497596153846154 0.036057692307692304 0.055288461538461536
0 0.32211538461538464 0.8605769230769231 0.03365384615384615 0.06129807692307692
0 0.3629807692307692 0.8461538461538461 0.04567307692307692 0.10336538461538461
0 0.4230769230769231 0.8365384615384616 0.10697115384615384 0.12860576923076922
0 0.5576923076923077 0.8064903846153846 0.04447115384615385 0.04807692307692308
0 0.6322115384615384 0.8245192307692307 0.1141826923076923 0.12740384615384615
0 0.9591346153846154 0.8713942307692307 0.07932692307692307 0.25600961538461536