0 0.03245192307692308 0.8341346153846154 0.06370192307692307 0.06971153846153846
0 0.16346153846153846 0.8870192307692307 0.18629807692307693 0.10697115384615384
0 0.4807692307692308 0.8449519230769231 0.038461538461538464 0.03245192307692308
0 0.47475961538461536 0.8461538461538461 0.025240384615384616 0.019230769230769232
0 0.49759615384615385 0.8425480769230769 0.013221153846153846 0.014423076923076924
0 0.5132211538461539 0.8425480769230769 0.013221153846153846 0.019230769230769232
0 0.6778846153846154 0.8425480769230769 0.020432692307692308 0.019230769230769232
0 0.7199519230769231 0.8413461538461539 0.04326923076923077 0.036057692307692304
0 0.8449519230769231 0.8461538461538461 0.027644230769230768 0.019230769230769232
0 0.8858173076923077 0.8377403846153846 0.04807692307692308 0.036057692307692304
0 0.8834134615384616 0.8413461538461539 0.027644230769230768 0.036057692307692304
0 0.9855769230769231 0.8401442307692307 0.027644230769230768 0.037259615384615384