0 0.06370192307692307 0.5540865384615384 0.12740384615384615 0.14903846153846154
0 0.13581730769230768 0.5432692307692307 0.07692307692307693 0.125
0 0.17908653846153846 0.5480769230769231 0.06490384615384616 0.11298076923076923
0 0.2848557692307692 0.5408653846153846 0.16105769230769232 0.10817307692307693
0 0.38100961538461536 0.5420673076923077 0.15264423076923078 0.07692307692307693
0 0.6550480769230769 0.5276442307692307 0.057692307692307696 0.0625
0 0.6899038461538461 0.53125 0.056490384615384616 0.06971153846153846
0 0.71875 0.5336538461538461 0.0673076923076923 0.08653846153846154
0 0.7487980769230769 0.5348557692307693 0.054086538461538464 0.1201923076923077
0 0.7896634615384616 0.5324519230769231 0.051682692307692304 0.13701923076923078
0 0.8497596153846154 0.5336538461538461 0.13942307692307693 0.15264423076923078
0 0.9266826923076923 0.5432692307692307 0.14543269230769232 0.20192307692307693