0 0.07572115384615384 0.5829326923076923 0.042067307692307696 0.15985576923076922
0 0.10817307692307693 0.6935096153846154 0.07091346153846154 0.09134615384615384
0 0.18629807692307693 0.5576923076923077 0.09975961538461539 0.07692307692307693
0 0.23918269230769232 0.5901442307692307 0.03125 0.03125
0 0.265625 0.6033653846153846 0.03365384615384615 0.04447115384615385
0 0.2956730769230769 0.6189903846153846 0.04927884615384615 0.04447115384615385
0 0.33052884615384615 0.640625 0.057692307692307696 0.04567307692307692
0 0.36538461538461536 0.6634615384615384 0.05889423076923077 0.06370192307692307
0 0.4254807692307692 0.6959134615384616 0.08653846153846154 0.07572115384615384
0 0.5096153846153846 0.7331730769230769 0.10336538461538461 0.11778846153846154
0 0.6274038461538461 0.8233173076923077 0.16947115384615385 0.14302884615384615
0 0.8185096153846154 0.9122596153846154 0.2403846153846154 0.17548076923076922