0 0.5 0.5180288461538461 0.8629807692307693 0.6262019230769231
0 0.07091346153846154 0.265625 0.14182692307692307 0.1502403846153846
0 0.15144230769230768 0.7391826923076923 0.3016826923076923 0.5204326923076923
0 0.21634615384615385 0.2247596153846154 0.20072115384615385 0.12860576923076922
0 0.36658653846153844 0.16826923076923078 0.04927884615384615 0.025240384615384616
0 0.41947115384615385 0.1622596153846154 0.057692307692307696 0.03125
0 0.45913461538461536 0.15865384615384615 0.03485576923076923 0.018028846153846152
0 0.46875 0.14783653846153846 0.015625 0.010817307692307692
0 0.6742788461538461 0.18509615384615385 0.1778846153846154 0.0733173076923077
0 0.7680288461538461 0.17307692307692307 0.09735576923076923 0.06129807692307692
0 0.8088942307692307 0.16947115384615385 0.0673076923076923 0.06370192307692307