0 0.03485576923076923 0.8161057692307693 0.06850961538461539 0.027644230769230768
0 0.07692307692307693 0.8834134615384616 0.15264423076923078 0.15144230769230768
0 0.15985576923076922 0.8774038461538461 0.17427884615384615 0.125
0 0.15625 0.8269230769230769 0.15504807692307693 0.0829326923076923
0 0.7956730769230769 0.8149038461538461 0.037259615384615384 0.030048076923076924
0 0.8725961538461539 0.8112980769230769 0.016826923076923076 0.027644230769230768
0 0.8774038461538461 0.8137019230769231 0.026442307692307692 0.04326923076923077
0 0.90625 0.8088942307692307 0.019230769230769232 0.02403846153846154
0 0.9435096153846154 0.828125 0.04567307692307692 0.05889423076923077
0 0.96875 0.7944711538461539 0.028846153846153848 0.040865384615384616
0 0.9939903846153846 0.8125 0.009615384615384616 0.04807692307692308