0 0.16826923076923078 0.8449519230769231 0.33653846153846156 0.30528846153846156
0 0.19591346153846154 0.7091346153846154 0.1935096153846154 0.15985576923076922
0 0.23918269230769232 0.6189903846153846 0.042067307692307696 0.051682692307692304
0 0.23677884615384615 0.6358173076923077 0.03245192307692308 0.040865384615384616
0 0.29447115384615385 0.6081730769230769 0.013221153846153846 0.019230769230769232
0 0.31850961538461536 0.6069711538461539 0.037259615384615384 0.019230769230769232
0 0.3557692307692308 0.6165865384615384 0.014423076923076924 0.028846153846153848
0 0.3629807692307692 0.6201923076923077 0.010817307692307692 0.03245192307692308
0 0.375 0.6201923076923077 0.02283653846153846 0.03125
0 0.38341346153846156 0.6237980769230769 0.014423076923076924 0.036057692307692304
0 0.3942307692307692 0.625 0.009615384615384616 0.038461538461538464