0 0.038461538461538464 0.6021634615384616 0.07692307692307693 0.04567307692307692
0 0.042067307692307696 0.6526442307692307 0.08413461538461539 0.10096153846153846
0 0.5 0.71875 0.9987980769230769 0.27524038461538464
0 0.15144230769230768 0.6574519230769231 0.21153846153846154 0.1502403846153846
0 0.28125 0.6959134615384616 0.16105769230769232 0.1310096153846154
0 0.35336538461538464 0.6754807692307693 0.12379807692307693 0.11298076923076923
0 0.5853365384615384 0.7103365384615384 0.03485576923076923 0.06610576923076923
0 0.6370192307692307 0.7331730769230769 0.1310096153846154 0.15144230769230768
0 0.7067307692307693 0.7223557692307693 0.037259615384615384 0.07932692307692307
0 0.8125 0.7632211538461539 0.12740384615384615 0.16105769230769232
0 0.9579326923076923 0.765625 0.08052884615384616 0.15384615384615385