0 0.06610576923076923 0.33413461538461536 0.1310096153846154 0.056490384615384616
0 0.06610576923076923 0.051682692307692304 0.12379807692307693 0.08774038461538461
0 0.06971153846153846 0.9110576923076923 0.12379807692307693 0.0673076923076923
0 0.07091346153846154 0.6177884615384616 0.12259615384615384 0.06850961538461539
0 0.06850961538461539 0.21634615384615385 0.11177884615384616 0.07692307692307693
0 0.0673076923076923 0.7788461538461539 0.10576923076923077 0.0673076923076923
0 0.07211538461538461 0.484375 0.11057692307692307 0.07572115384615384
0 0.20432692307692307 0.49038461538461536 0.11899038461538461 0.06850961538461539
0 0.20793269230769232 0.3485576923076923 0.11658653846153846 0.06370192307692307
0 0.21033653846153846 0.9014423076923077 0.12139423076923077 0.07932692307692307
0 0.21394230769230768 0.6358173076923077 0.12139423076923077 0.08413461538461539
0 0.21033653846153846 0.052884615384615384 0.10817307692307693 0.07572115384615384
0 0.21033653846153846 0.19831730769230768 0.10817307692307693 0.08173076923076923
0 0.2127403846153846 0.7764423076923077 0.11298076923076923 0.051682692307692304
0 0.3425480769230769 0.20072115384615385 0.12860576923076922 0.08774038461538461
0 0.34975961538461536 0.49399038461538464 0.1310096153846154 0.08173076923076923
0 0.3473557692307692 0.06490384615384616 0.11778846153846154 0.06370192307692307
0 0.34975961538461536 0.9122596153846154 0.11658653846153846 0.07692307692307693
0 0.3557692307692308 0.7764423076923077 0.12860576923076922 0.09254807692307693
0 0.3545673076923077 0.33413461538461536 0.12379807692307693 0.07692307692307693
0 0.3581730769230769 0.640625 0.1141826923076923 0.06129807692307692
0 0.4951923076923077 0.4795673076923077 0.13942307692307693 0.07572115384615384
0 0.4831730769230769 0.06490384615384616 0.11057692307692307 0.07211538461538461
0 0.49399038461538464 0.6358173076923077 0.13221153846153846 0.10336538461538461
0 0.4951923076923077 0.7680288461538461 0.1346153846153846 0.0889423076923077
0 0.48677884615384615 0.1935096153846154 0.10697115384615384 0.06009615384615385
0 0.4987980769230769 0.35216346153846156 0.1310096153846154 0.08774038461538461
0 0.4963942307692308 0.9182692307692307 0.09735576923076923 0.0673076923076923
0 0.6237980769230769 0.04927884615384615 0.14182692307692307 0.09134615384615384
0 0.6310096153846154 0.20673076923076922 0.11057692307692307 0.06850961538461539
0 0.6334134615384616 0.7692307692307693 0.11538461538461539 0.07692307692307693
0 0.6430288461538461 0.35096153846153844 0.13581730769230768 0.08533653846153846
0 0.6394230769230769 0.6286057692307693 0.11899038461538461 0.07451923076923077
0 0.6370192307692307 0.484375 0.1045673076923077 0.07572115384615384
0 0.6418269230769231 0.9158653846153846 0.1045673076923077 0.07211538461538461
0 0.7824519230769231 0.203125 0.14302884615384615 0.08774038461538461
0 0.7824519230769231 0.057692307692307696 0.13221153846153846 0.109375
0 0.7824519230769231 0.7692307692307693 0.13221153846153846 0.09254807692307693
0 0.7788461538461539 0.6237980769230769 0.10576923076923077 0.056490384615384616
0 0.7824519230769231 0.33052884615384615 0.0985576923076923 0.0673076923076923
0 0.7872596153846154 0.4951923076923077 0.1045673076923077 0.07451923076923077
0 0.9266826923076923 0.19110576923076922 0.13701923076923078 0.0889423076923077
0 0.9290865384615384 0.3449519230769231 0.12259615384615384 0.07692307692307693
0 0.9326923076923077 0.6201923076923077 0.11538461538461539 0.07211538461538461
0 0.9326923076923077 0.7704326923076923 0.1141826923076923 0.07451923076923077
0 0.9375 0.49278846153846156 0.11658653846153846 0.09254807692307693
0 0.9399038461538461 0.0673076923076923 0.11778846153846154 0.056490384615384616