0 0.02283653846153846 0.5625 0.04567307692307692 0.04567307692307692
0 0.07451923076923077 0.5649038461538461 0.036057692307692304 0.03125
0 0.11658653846153846 0.5600961538461539 0.056490384615384616 0.03245192307692308
0 0.5504807692307693 0.7247596153846154 0.7800480769230769 0.3954326923076923
0 0.30288461538461536 0.5733173076923077 0.09134615384615384 0.04807692307692308
0 0.5540865384615384 0.5625 0.039663461538461536 0.03125
0 0.6201923076923077 0.5612980769230769 0.02283653846153846 0.03125
0 0.6322115384615384 0.5480769230769231 0.013221153846153846 0.015625
0 0.7043269230769231 0.5625 0.11298076923076923 0.051682692307692304
0 0.7980769230769231 0.5504807692307693 0.056490384615384616 0.025240384615384616
0 0.9014423076923077 0.6069711538461539 0.16105769230769232 0.17427884615384615
0 0.8810096153846154 0.5480769230769231 0.06370192307692307 0.021634615384615384
0 0.8713942307692307 0.5372596153846154 0.030048076923076924 0.018028846153846152
0 0.8858173076923077 0.5673076923076923 0.03365384615384615 0.02283653846153846