0 0.12860576923076922 0.921875 0.11177884615384616 0.12980769230769232
0 0.019230769230769232 0.9879807692307693 0.037259615384615384 0.020432692307692308
0 0.22716346153846154 0.953125 0.11899038461538461 0.09014423076923077
0 0.19831730769230768 0.5757211538461539 0.019230769230769232 0.02403846153846154
0 0.21754807692307693 0.5661057692307693 0.03125 0.040865384615384616
0 0.2764423076923077 0.8473557692307693 0.09254807692307693 0.1045673076923077
0 0.3125 0.9735576923076923 0.09134615384615384 0.05048076923076923
0 0.33052884615384615 0.8461538461538461 0.056490384615384616 0.1141826923076923
0 0.65625 0.96875 0.06850961538461539 0.05889423076923077
0 0.7199519230769231 0.41947115384615385 0.020432692307692308 0.028846153846153848
0 0.7596153846153846 0.39302884615384615 0.016826923076923076 0.02403846153846154
0 0.7752403846153846 0.4362980769230769 0.020432692307692308 0.019230769230769232
0 0.7848557692307693 0.3870192307692308 0.03365384615384615 0.08533653846153846
0 0.8149038461538461 0.48197115384615385 0.026442307692307692 0.09735576923076923
0 0.8125 0.39663461538461536 0.01201923076923077 0.03125